structure(c(4.60039406787483e-07, -5.7955452184906e-07, 5.30242977914419e-07, 
8.75811327111171e-07, 0, 0, 0, 0, 0, 0, 0, 0, 8.97728500447388e-12, 
7.87686614832289e-12, 8.2593715363205e-12, 1.539593878498e-11, 
4.06038985763629e-13, 3.56269608700675e-13, 3.73567673790227e-13, 
6.96351639384847e-13, -3.10475268568072e-11, 2.90836756116053e-11, 
2.90836756116054e-11, -2.90836743489084e-11, 2.90836755753258e-11, 
2.90836756116015e-11, 5.39608336218426e-06, -4.71727088547196e-05, 
-4.71727088547196e-05, 4.71727068067589e-05, -4.7172708788348e-05, 
-4.71727088547196e-05, -4.8958403368332e-06, 4.27992790912527e-05, 
4.27992790912527e-05, -4.2799277233163e-05, 4.27992790310338e-05, 
4.27992790912527e-05, -5.79554521864887e-07, 1.3312566264036e-06, 
-7.1086884820245e-07, -1.11179624934644e-06, 0, 0, 0, 0, 0, 0, 
0, 0, 7.8768661472133e-12, 6.91143955301649e-12, 7.24693465245546e-12, 
1.35087099862914e-11, 3.5626960870578e-13, 3.1260060894019e-13, 
3.27778399576532e-13, 6.10997797933761e-13, 3.3622387003685e-11, 
-3.26779699115924e-11, -3.26779699116028e-11, 3.26779710213008e-11, 
-3.26779699500166e-11, -3.26779699115927e-11, 3.65751836103027e-06, 
5.30018671709416e-05, 5.30018671709416e-05, -5.30018689678644e-05, 
5.30018672291813e-05, 5.30018671709416e-05, -3.31838303552839e-06, 
-4.80880102176476e-05, -4.80880102176476e-05, 4.8088011847973e-05, 
-4.80880102704829e-05, -4.80880102176476e-05, 5.30242977914966e-07, 
-7.10868848195415e-07, 6.21004090282613e-07, 1.02350610449282e-06, 
0, 0, 0, 0, 0, 0, 0, 0, 8.25937153643815e-12, 7.24693465358114e-12, 
7.59887287505939e-12, 1.41647297000945e-11, 3.73567673801736e-13, 
3.27778399716296e-13, 3.43693122610649e-13, 6.40663756924873e-13, 
-2.93491929834271e-11, 3.37205659249225e-11, 3.37205659249191e-11, 
-3.37205647633174e-11, 3.3720565886907e-11, 3.37205659249225e-11, 
-1.50417191272772e-07, -5.46936795964251e-05, -5.46936795964251e-05, 
5.4693677712242e-05, -5.46936795353607e-05, -5.46936795964251e-05, 
1.36436745011243e-07, 4.96229729950816e-05, 4.96229729950816e-05, 
-4.9622971285583e-05, 4.96229729396783e-05, 4.96229729950816e-05, 
8.75811327112732e-07, -1.11179624933234e-06, 1.02350610449454e-06, 
1.69408230987845e-06, 0, 0, 0, 0, 0, 0, 0, 0, 1.5395938785493e-11, 
1.35087099886424e-11, 1.41647297003748e-11, 2.64038601319593e-11, 
6.9635163942806e-13, 6.10997797740508e-13, 6.40663756965306e-13, 
1.19423410727989e-12, -4.70596031845775e-11, 5.62659295026355e-11, 
5.62659295026355e-11, -5.62659273375747e-11, 5.6265929433422e-11, 
5.62659295026283e-11, -1.01225851246519e-06, -9.12615898088845e-05, 
-9.12615898088845e-05, 9.12615862966605e-05, -9.12615896950574e-05, 
-9.12615898088845e-05, 9.18354222285323e-07, 8.28006351003959e-05, 
8.28006351003959e-05, -8.28006319137932e-05, 8.28006349971207e-05, 
8.28006351003959e-05, 0, 0, 0, 0, -2.67793198353191e-16, -3.47935666643347e-16, 
-1.2179902658257e-16, 2.71483093498357e-16, 1.23880492050712e-24, 
-1.01112756156728e-23, 7.38351144685041e-24, -6.16858035906571e-24, 
-1.33790125310409e-18, -2.96600826123885e-19, -1.47456417153858e-18, 
1.5621551761653e-18, -4.79976613947598e-19, -5.90335425668638e-19, 
-2.42716276607052e-19, 4.98277474915725e-19, 7.89264955684711e-12, 
6.93548060267317e-12, -7.89262163253837e-12, -6.93548280259412e-12, 
6.93548305087434e-12, -7.89264955684711e-12, 1.93123200676631e-11, 
1.70059921275049e-11, -1.93122683971148e-11, -1.70060398678807e-11, 
1.70060574592635e-11, -1.93123200676515e-11, 2.21151323572933e-12, 
1.94395427955745e-12, -2.21149892937287e-12, -1.94390507912384e-12, 
1.94390508015927e-12, -2.21151323346725e-12, 0, 0, 0, 0, -3.4748928033351e-16, 
-4.55289663545393e-16, -1.55676116659949e-16, 3.51122396727489e-16, 
8.08959348477625e-24, -6.51841681244029e-23, 4.77372959658058e-23, 
-3.98469657423804e-23, -3.92286542033086e-19, -1.77959376328541e-18, 
6.04213303591255e-19, 4.64010837726239e-20, -5.98535076412262e-19, 
-8.28512086704925e-19, -2.42970268706414e-19, 5.93943991530457e-19, 
-8.6182680469451e-12, -9.85220352009706e-12, 8.61802879691405e-12, 
9.85220396858966e-12, -9.85220545273072e-12, 8.61826804694714e-12, 
-2.11468271658896e-11, -2.41924724038333e-11, 2.11462459942458e-11, 
2.41923641274328e-11, -2.41923893795364e-11, 2.1146827169628e-11, 
-2.42082063558664e-12, -2.76047744820868e-12, 2.42075817693229e-12, 
2.76057528484836e-12, -2.76057528330514e-12, 2.42082063505976e-12, 
0, 0, 0, 0, -1.21092672080629e-16, -1.5496803790161e-16, -5.65481227078718e-17, 
1.2347225001978e-16, -6.35318014858721e-24, 5.11007538816373e-23, 
-3.74335567576981e-23, 3.12493527118595e-23, -1.42211281405008e-18, 
5.80874648095256e-19, -2.12709725591578e-18, 1.9425402376097e-18, 
-2.46928123739281e-19, -2.45842652552579e-19, -1.58578730816881e-19, 
2.67895075636223e-19, 1.51888106595269e-11, 1.47650868517411e-11, 
-1.51886317691917e-11, -1.47650899581709e-11, 1.47650911615171e-11, 
-1.51888106595269e-11, 3.72507854415247e-11, 3.61904888617761e-11, 
-3.72503050030814e-11, -3.61905070385034e-11, 3.61905186848075e-11, 
-3.72507854415247e-11, 4.26241086800982e-12, 4.14463231911293e-12, 
-4.2623489125654e-12, -4.14462124275301e-12, 4.14462124205413e-12, 
-4.26241086775847e-12, 0, 0, 0, 0, 2.74085249529835e-16, 3.54990842617993e-16, 
1.25348566679613e-16, -2.78143720948e-16, 3.55593127173011e-24, 
-2.85558379832679e-23, 2.09283362414546e-23, -1.74742013678737e-23, 
1.52294806030424e-18, 3.15811866385829e-20, 1.88216395832476e-18, 
-1.97366393197191e-18, 5.12653933364094e-19, 6.04388587595086e-19, 
2.69853423274593e-19, -5.34899498473244e-19, -1.29620935706924e-11, 
-1.19911793850059e-11, 1.29619413542475e-11, 1.19911827358027e-11, 
-1.1991183371533e-11, 1.29620935706924e-11, -3.1779014035352e-11, 
-2.93752093322845e-11, 3.17786480349015e-11, 2.93752676833564e-11, 
-2.93752776598976e-11, 3.1779014035346e-11, -3.64486514367114e-12, 
-3.36846364842117e-12, 3.64481843324508e-12, 3.36841199491627e-12, 
-3.36841196462873e-12, 3.64486514231145e-12, 0, 0, 0, 0, -2.63506738049956e-24, 
9.50095916357665e-24, -7.60699432785931e-24, 6.41496131228995e-24, 
-2.09769802719756e-15, 6.84051384379184e-16, -2.35945793985805e-15, 
1.5432466061845e-15, 3.83761738020532e-17, -1.18037882668922e-17, 
3.14326862645422e-17, -2.51766135516496e-17, 0, 0, 0, 0, 4.02050657336387e-09, 
4.02050657336383e-09, -4.1742604865867e-09, -4.02050657176685e-09, 
4.02050657336406e-09, -4.02050657336387e-09, -3.19205156912774e-09, 
-3.19205156913189e-09, 3.1598969872051e-09, 3.19205155417448e-09, 
-3.19205156912805e-09, 3.19205156912996e-09, 7.93313503919664e-09, 
7.93313503919887e-09, -8.07667789879653e-09, -7.9331350420258e-09, 
7.93313503919503e-09, -7.93313503919695e-09, 0, 0, 0, 0, 9.42419218590162e-24, 
-6.81366350584354e-23, 5.03425237156635e-23, -4.20212341006223e-23, 
6.84052133722082e-16, -8.35872121491012e-15, 6.57579075979e-15, 
-4.35515986136923e-15, -1.17942784541145e-17, 5.90398547306831e-18, 
-1.00003711217068e-17, 8.58020117804681e-18, 0, 0, 0, 0, -5.46415860403044e-09, 
-5.46415860403048e-09, 8.66016912890682e-09, 5.46415860349012e-09, 
-5.46415860403044e-09, 5.46415860403044e-09, 4.33811043631887e-09, 
4.33811043632026e-09, -6.66595401651719e-09, -4.33811043622319e-09, 
4.33811043632091e-09, -4.33811043631887e-09, -1.07818593554937e-08, 
-1.07818593554924e-08, 1.6870544032985e-08, 1.07818593553953e-08, 
-1.07818593554965e-08, 1.0781859355492e-08, 0, 0, 0, 0, -7.47392961143974e-24, 
4.97772214085914e-23, -3.70430039824486e-23, 3.09438173253965e-23, 
-2.35944769299787e-15, 6.57577911305291e-15, -6.64394075917047e-15, 
4.44125364977591e-15, 3.15306858325033e-17, -1.00141688065954e-17, 
2.61222535813003e-17, -2.08795206105288e-17, 0, 0, 0, 0, 6.08161605801129e-09, 
6.08161605801129e-09, -8.66101290303854e-09, -6.08161605677951e-09, 
6.08161605801141e-09, -6.08161605801129e-09, -4.82839929026324e-09, 
-4.82839929026849e-09, 6.64301409702971e-09, 4.82839928996992e-09, 
-4.82839929026324e-09, 4.82839929026324e-09, 1.20004089355437e-08, 
